0 0.947  0.648  0.722  0.572
1 0.530  0.515  0.524  0.508
2 0.411  0.440  0.454  0.451
3 0.333  0.401  0.405  0.439
4 0.285  0.382  0.371  0.422
5 0.240  0.370  0.340  0.406
6 0.205  0.356  0.315  0.397
7 0.178  0.373  0.293  0.398
8 0.163  0.368  0.280  0.405
9 0.169  0.346  0.281  0.375
10 0.145  0.334  0.263  0.369
11 0.128  0.346  0.247  0.375
12 0.113  0.330  0.232  0.358
13 0.119  0.349  0.236  0.374
14 0.109  0.340  0.222  0.365
15 0.101  0.341  0.217  0.360
16 0.101  0.344  0.216  0.367
17 0.092  0.350  0.206  0.382
18 0.087  0.328  0.201  0.348
19 0.075  0.327  0.189  0.347
20 0.049  0.306  0.150  0.323
21 0.034  0.302  0.123  0.316
22 0.027  0.300  0.107  0.311
23 0.023  0.302  0.096  0.311
24 0.020  0.302  0.088  0.308
0 0.018  0.301  0.082  0.306
1 0.016  0.302  0.076  0.306
2 0.014  0.303  0.071  0.305
3 0.013  0.304  0.067  0.304
4 0.012  0.303  0.063  0.303
5 0.011  0.305  0.060  0.303
6 0.010  0.304  0.057  0.302
7 0.010  0.306  0.055  0.302
8 0.009  0.304  0.053  0.302
9 0.009  0.303  0.051  0.300
10 0.008  0.305  0.049  0.301
11 0.008  0.304  0.047  0.300
12 0.007  0.304  0.046  0.299
13 0.007  0.305  0.044  0.300
14 0.007  0.305  0.043  0.299
15 0.007  0.306  0.042  0.300
16 0.006  0.302  0.041  0.297
17 0.006  0.305  0.040  0.299
18 0.006  0.303  0.039  0.298
19 0.006  0.304  0.039  0.298
20 0.005  0.302  0.035  0.295
21 0.005  0.302  0.032  0.295
22 0.005  0.302  0.031  0.295
23 0.005  0.302  0.030  0.295
24 0.005  0.302  0.029  0.295
25 0.005  0.302  0.029  0.295
26 0.005  0.302  0.028  0.295
27 0.005  0.303  0.028  0.295
28 0.005  0.303  0.028  0.295
29 0.005  0.303  0.028  0.295
30 0.005  0.303  0.027  0.295
31 0.004  0.303  0.027  0.295
32 0.004  0.303  0.027  0.295
33 0.004  0.303  0.027  0.295
34 0.004  0.303  0.026  0.295
35 0.004  0.303  0.026  0.295
36 0.004  0.303  0.026  0.295
37 0.004  0.303  0.026  0.295
38 0.004  0.304  0.026  0.295
39 0.004  0.304  0.025  0.295
40 0.004  0.303  0.025  0.294
